1084.5328195330535
809.9238087091212
751.9374407034054
634.6013163658321
381.13093992156666
32.639053805853955
17.769423067875913
11.647539644042938
9.358304132916157
6.556245997457582
5.164969195933042
3.793051680660457
3.3257558758577948
2.986055782967321
2.791986772580409
2.5494760402412986
2.258426205137325
2.086689110264877
1.8767800921858677
1.6845210093314114
1.5154441438601491
1.2788180758631016
1.142850422046328
1.0358802113389372
0.9350120071614618
0.8796945628497104
0.8270146155794895
0.806061324423944
0.7874787213665143
0.7640038099024972
0.7409211385159995
0.6959242705028194
0.6655274956136831
0.6205767963045778
0.5972477967898062
0.5827467079353206
0.5653383532293184
0.5300091784506277
0.4978013525447079
0.4821576060182844
0.46273353060959
0.44752339690257037
0.4376009139901471
0.42763593262490746
0.4170176580766398
0.40497631596692785
0.40034063303719847
0.393540481538726
0.3907320389485609
0.38472666957318336
0.3783075367397025
0.3752796297416759
0.3707014666939321
0.3675700264586628
0.36041165431829125
0.3569456458321636
0.34941740297306223
0.3445622100247475
0.34014664156418734
0.33233286090478653
0.3279315867427928
0.32067430052746776
0.31573772408907663
0.3136417401351839
0.31058688244383925
0.30799050153104846
0.3043833625615988
0.30001908866116356
0.29765697683770875
0.2922651120619581
0.28855610496097317
0.28473991965068624
0.2818838333647842
0.2796941227842682
0.2761840194340372
0.27383505044349593
0.2722417326863038
0.2703055171422918
0.26878284976590877
0.26644705869987323
0.26436044059957736
0.26337265715811187
0.2597710321337748
0.2578495323876163
0.2559785554304599
0.2533162225271014
0.2499382965913176
0.2483188383522411
0.24713776180424835
0.2463190816664344
0.24572348326861487
0.24478556474520813
0.2437767534371985
0.24279767618136086
0.24168913242010265
0.24076790906226303
0.24014023303461393
0.23951301670203698
0.23847562620307575
0.23831887497228166
0.23759543348479945
0.2373886706354753
0.23717089087814994
0.2369253589231296
0.23662342254031288
0.2362479502872234
0.23606841153673394
0.23513585172855328
0.2348992060239436
0.2342651357482283
0.23401939556931745
0.2335983617363181
0.23335773065655024
0.23272520947104935
0.23250088730523025
0.23229327533839905
0.23204501715990944
0.23198661188888453
0.23171406294723074
0.2316563724440567
0.2315162792917025
0.23122717169996176
0.23091227514536067
0.23072685161830472
0.2305409470322812
0.23044383719062594
0.2303050772849772
0.23017693863664068
0.22998479135243466
0.22988479855934607
0.2297869852932326
0.22971258981442827
0.2296399373931271
0.22955907758757782
0.22952220705269777
0.2293949392440033
0.22934011047187586
0.22927124270762433
0.22924185026312865
0.22920141857993986
0.22915196171582683
0.22912871733972856
0.22909662261391905
0.22907911922004098
0.22905916006911375
0.22903191131003667
0.22900654783298913
0.22899784821365315
0.22897306672882395
0.2289514095749442
0.22891760049161824
0.22889801100911572
0.22886715395441407
0.22883855794625563
0.22881027429476747
0.228753146636909
0.22874022044686795
0.22871342333008648
0.228699738958333
0.22867187450654963
0.22864513211943746
0.22862248139718438
0.22858118737006214
0.22856068440185595
0.22853531066261665
0.2285120801853328
0.22849506796976882
0.22845101904083465
0.22842611593961026
0.22839635786352175
0.22837446078425944
0.22836338122220312
0.22834984975435055
0.22832244162711907
0.2283018657549345
0.2282559296710239
0.22823320925135748
0.22819975167981127
0.22816701877530648
0.22812437594677457
0.22807992802617372
0.22802896250411625
0.22799535063774048
0.2279679646963021
0.2279593458519148
0.22792492451106183
0.2279018881058637
0.2278883241678744
0.22786897495892136
0.2278362657113533
0.22780557262242238
0.2277845157878796
0.227762695783791
0.22773689248263282
0.22769284117066646
0.2276786737822969
0.22763210410347953
0.2276183600101457
0.22761484999064097
0.22760221553843846
0.227598967054506
0.22759118924723415
0.2275816807095083
0.22756956069700526
0.22755591334665054
0.2275414977292759
0.2275280865770139
0.22750880078087093
0.22749178661157715
0.22748513241871776
0.22747507286636692
0.22747209344213093
0.22746663935838435
0.22745908180150815
0.22745107494443423
0.22744125625220885
0.22743433140327152
0.22742890715911135
0.22742458744221755
0.2274160878395492
0.2274091993236698
0.22740095496453017
0.2273946899893346
0.22738540250423572
0.22738147018808041
0.2273725686230418
0.22736882475980652
0.22736454700575284
0.227352169884864
0.22734574972523916
0.22733671321902485
0.2273319034320545
0.2273257609283863
0.22731840466372788
0.22731621912380032
0.22730525366054505
0.22730256259354603
0.22729956626650483
0.22729650917030175
0.22729403317192004
0.22728980517376637
0.22728570511557758
0.22728288421889786
0.22727871966406893
0.22727567951955088
0.2272717402233295
0.22726689142331047
0.22726590341028735
