166.38992185759875
111.9823692819702
95.96810391763132
63.078782683435676
47.12601802687034
21.71715099752665
9.375870951519234
6.70574683711408
5.96386489106543
5.595987359387259
5.237584970986089
4.668552192523432
4.2529726020939735
4.012685463817968
3.7563849694458638
3.6017993827027652
3.4226390789952146
3.146348999375065
3.0060228146227495
2.9130729542725504
2.863032177114957
2.8144391082425013
2.7163000045080614
2.67104278483921
2.616205408396885
2.5472548593052564
2.507347942530117
2.4803353689875576
2.441140021943966
2.3188252941201486
2.2182111772379787
2.1560695194917208
2.0993925633796455
2.047001766448206
1.9456027664158577
1.8795720595896153
1.7978326254214227
1.7410398044559143
1.7083902801878268
1.6661636416897652
1.6418687127760636
1.6175470463109871
1.5683776120063158
1.5325515354784975
1.4811348279444163
1.4479269663863241
1.4058567358643952
1.3404876439537294
1.2968068657625802
1.2368525858747588
1.1794533500825062
1.1090141162171252
1.0869438250326977
1.0454673835289552
1.0284920847486345
1.0091309289696884
0.9968505311427769
0.9772610815396756
0.955944661591372
0.9376938283465763
0.9179634215837731
0.8999425218684127
0.87583855943531
0.8541916989916474
0.8430952925064992
0.8348459135252796
0.8196891021959102
0.806664104004464
0.7931938271364494
0.7815888755773448
0.7728385631262802
0.762898998840108
0.7506018073429797
0.7459872196955304
0.739818675363914
0.7322851686064293
0.7281025839538171
0.7228925124791994
0.7189680170260417
0.7159704188274644
0.7121941069366223
0.709617415552265
0.707478930607359
0.7032430306381573
0.6961515987883153
0.6919979761591315
0.6866010426518414
0.681040520296164
0.677563651162804
0.6684161769060987
0.6639134347268326
0.6598381506964576
0.6576018963220343
0.6541064650439488
0.6509113188597024
0.6458381406782546
0.6404330362885142
0.6319527696431191
0.6251276071091599
0.6189857658484252
0.6108634534379715
0.602922928186336
0.5989980536949112
0.5846576366370164
0.5782749728556715
0.573441426665149
0.5690511802538373
0.5641807623559386
0.5554592439488506
0.5493325777649269
0.5411401924615558
0.5309607046581998
0.5248390263109624
0.5190046217448436
0.514002931909916
0.5099163125478854
0.5077863010898985
0.5057489700458503
0.5033973190497337
0.5013233935531649
0.5002906831983449
0.49940354353151506
0.49649868902631566
0.49533431119486465
0.49390284637418924
0.49204064398621744
0.49084248495527255
0.48940643612756235
0.4879264317063743
0.4863789694290755
0.48555013958369125
0.48404408721531106
0.4828934495708249
0.4820741985828905
0.4807046457310475
0.47845799010647816
0.4771254132083194
0.47497785663883546
0.4733336302936486
0.47221622027836935
0.47107028874744716
0.4688969849468617
0.4676519947620787
0.46699022829368797
0.46564886601749317
0.4645213795407079
0.46339380114465245
0.462170310524692
0.46149585169248936
0.4596169931063877
0.4589916309390704
0.4581874039389955
0.4570385649780255
0.45606932189989363
0.4548267034873699
0.45419817765051484
0.4536222317213389
0.45333330988516585
0.45284755565924795
0.45199261427501763
0.4508057181474264
0.4502362416045074
0.4494632611655739
0.4489473594792442
0.4483183362319899
0.4477080980009355
0.4471162709924615
0.44685202379775607
0.4467000072613999
0.4465296824579779
0.44626830444093946
0.4459419026240231
0.44555782062984406
0.4451336344948941
0.44463267389669725
0.44440074290741066
0.4439701050772964
0.44373949250470596
0.44344340136245747
0.44324072419059785
0.4430121882525495
0.44288931660997555
0.4427086806782344
0.4421853425100663
0.44189540946496986
0.44133634831595786
0.44098443273548327
0.44050633877881945
0.44007392753652863
0.43989670439918543
0.43967042543274765
0.4395249344831731
0.4393489418177174
0.43926973239932227
0.43915456427591143
0.43901534529948244
0.43878045755886613
0.4384867444122662
0.4384023351418305
0.4380200608312626
0.4378842242197025
0.43760830714931886
0.43748002671607983
0.43710746123445154
0.43693614337685577
0.4367755736639788
0.43670891576295523
0.4365918579353113
0.43640084998976975
0.43612394006442184
0.4360138515471407
0.4358107169204548
0.4357186775377889
0.4356006002576534
0.4354701012173912
0.43535890337252087
0.4352990689023942
0.43526222353411087
0.43522934021743476
0.4351794735212401
0.4351122934685359
0.43505753112621065
0.43498693830993135
0.4349310878592211
0.4348945298266781
0.4348386135084225
0.4348219831040165
0.4347830763353605
0.43475007730938875
0.43472181327030024
0.43469848022421864
0.4346500175853906
0.4346056237547282
0.4345703218941654
0.43453474460640795
0.43451432948192736
0.43448377039821773
0.43446757213690795
0.43445397584293
0.4344412239532785
0.4344303032139195
0.434417863140942
0.4344090021538957
0.4343929141834143
0.43438220083872603
0.43437327552232974
0.4343602882765964
0.43433357658307653
0.434322060712949
0.4343031196044314
0.43429050112485656
0.43427906643096376
0.43426899372239275
0.4342520185352162
0.43424369011221065
0.4342365174396144
0.434230217308299
0.434219921089584
0.43420479593570716
0.43419762969232645
0.4341844124312816
0.4341739020667846
0.4341709188741254
0.4341639642859939
0.43416102733235756
0.4341558492455584
0.4341450716828301
0.4341393419869433
0.4341304363034366
0.43412738541333307
0.43412218584144635
0.4341166508871199
0.4341115969817228
0.43410621737380706
0.43410017913050236
0.4340977968520779
0.4340938771827798
0.43408711851378684
0.43408118237649446
0.43407607894225153
0.43406960868108174
0.43406600403557877
0.4340603257922184
0.4340555478087776
0.43404921911401884
0.4340474139195816
0.43404315759544765
0.4340420556165884
0.43404035098174365
0.434037777371199
0.43403693483247385
