2110.190636127104
1700.4605293903935
1457.7294089951133
1036.9194971668678
405.55178421981606
160.1585593818525
47.50035447853526
19.050815208850423
10.693775514888408
9.24903174449289
7.255961427960351
5.615127222727432
4.4701250774992065
3.7667747638600884
3.2545368016415033
2.9132804296869637
2.38176896807697
2.1296306384582966
1.921854210687569
1.8012990811286866
1.7255665400206381
1.6148217916359824
1.5256267081530648
1.4804107036493968
1.3048454060050205
1.2387395160813808
1.0914848298781326
0.9920813672503381
0.9495573259835894
0.8679021901827735
0.8128361276625826
0.7447281425276531
0.7117722613576754
0.6960565812129226
0.6858631441569896
0.6738182002179711
0.6416045789540619
0.6258841348321469
0.6103661791905199
0.5978999991797089
0.5846496294231198
0.5504549767787345
0.5327970629932309
0.5066054903292955
0.48369976288624633
0.47636805263459936
0.4653924158602716
0.4597057561619583
0.4490162282207588
0.44195971352611585
0.4372700131345034
0.427780626190827
0.4183135422708988
0.41249238181289666
0.3961343706483727
0.39024909711636735
0.3823504274339487
0.37058315124090613
0.35639845565530837
0.34276442681010083
0.3293755200994807
0.3266017149481988
0.322893352584034
0.3072592552382504
0.29769347848419897
0.2849206932423055
0.2794592151372729
0.2708613112880458
0.2678122623343905
0.2643105695818055
0.26125152150546255
0.2571556694105286
0.2510813625609253
0.24832186477107965
0.24565512556179284
0.24231561326408618
0.23878132772819868
0.23345506913524114
0.23182627781592635
0.22341757946489166
0.22108366984276137
0.21829422142856217
0.21612775999514033
0.212682678423266
0.20968519853156634
0.20796483642204583
0.20744025658346185
0.20614374301754756
0.20542741018467126
0.20418403035811045
0.20307471885209694
0.20212692651911723
0.2005882651031112
0.20016443595362396
0.1993053436400853
0.19868264874835892
0.19785402310448202
0.1972165760602379
0.1966554651694578
0.19601869047137063
0.1954155669817066
0.19500098301687516
0.19421726440755066
0.1938416231148038
0.19317063135906237
0.19286569963011974
0.19240199020078244
0.1921214590271822
0.19175492659668875
0.1913009180797215
0.19108496661194502
0.1908345948340484
0.1906044306906256
0.1901610273988078
0.18974061318100632
0.18939875108496027
0.18913862849581375
0.1890216547812466
0.1888604304554677
0.18859586494614955
0.18842983425663856
0.18833911620002466
0.18827957002900608
0.1882160499547394
0.1881598710616865
0.18795493863696744
0.1878759945913317
0.18776488337966452
0.1877283240448392
0.18764128896750626
0.18761017643614578
0.18754509509498685
0.18747572538091178
0.18745078998780218
0.18741055571819326
0.18739370110281248
0.18737840395426575
0.18735481723466468
0.1873063887337582
0.18727221914685752
0.18723145741151842
0.18721363411211492
0.18719356463051212
0.18717088100990525
0.1871350974434693
0.18710967011386662
0.1870795635951938
0.18707001956186542
0.18705344539888935
0.18703089973712958
0.18702378727069263
0.18700390127386038
0.18699870213221467
0.18699017667369086
0.1869762977134798
0.18696228400677314
0.18695255735997188
0.18694124235053022
0.18693428347196844
0.18692411220357846
0.186906542199836
0.1868887538181614
0.18687632886004626
0.1868566071362252
0.18684791559112188
0.18683703944137062
0.1868179234984888
0.1868097923874285
0.18679668055843524
0.186789275426605
0.1867796123122861
0.1867669313067071
0.1867520382903225
0.18674072870445757
0.1867198747058044
0.1867094231734695
0.18669534776534863
0.18668067410011407
0.1866593732420648
0.18663765273107066
0.18662154237382259
0.1866050051255866
0.18659648826862513
0.18658317792002313
0.1865623911784634
0.18654529289479344
0.1865190637786776
0.1865015806716877
0.18649032500625734
0.1864800613363688
0.1864673419785161
0.18645129056608506
0.1864394502049451
0.18642850883560455
0.18641583656498253
0.18640865428678033
0.18639531826482078
0.1863864274249601
0.1863765081861778
0.1863629465894066
0.18635404161241242
0.18634363546184202
0.1863364364575705
0.18633050837403453
0.18631870438985895
0.18630696527298174
0.18630064305469018
0.18629173314984387
0.18628272902410697
0.18627719057127778
0.18626210226853218
0.18624876537240204
0.18621115971821528
0.18620396833820702
0.18616581276483912
0.18615165438225192
0.1861331855445935
0.18611758287086805
0.1860998703593204
0.18608550880726163
0.1860776413763746
0.1860684138958355
0.18605160318949432
0.18603467326427714
0.18601015466950252
0.1859817582629557
0.18596537227258075
0.18595324825430082
0.18594464476606687
0.18593196483235744
0.18591914987303304
0.18590707208174476
0.18590032146800006
0.1858939329267718
0.18588677197917802
0.1858749969600227
0.18586626758528157
0.1858574378262104
0.18584869140314514
0.18584149863582344
0.18583715162478892
0.18583122851054046
0.1858254642945001
0.18581849701804953
0.18581536138799637
0.1858073820920916
0.18580439986715727
0.1858009390567389
0.18579534443199086
0.18579160198314165
0.18578572804127147
0.18578241782413174
0.18577850730585954
0.18577614821795074
0.18577421338001512
0.1857722201156416
0.18577054950961608
0.1857650365197207
0.1857631687830764
0.1857596076628757
0.18575708944399433
0.18575487190707915
0.1857509364616196
0.18574964501243085
0.18574562395300842
0.18574318238804827
0.18574069724047743
0.18573824741566075
0.18573600620596736
0.18573340785365783
0.1857329468776839
