3795.967182953747
3444.436582770385
2995.3741030191723
2629.3932565344626
2482.426761637197
2161.2667779906787
1973.144794749668
1789.4025649031182
1641.264408484783
1499.5271000518474
1332.1011324747635
1134.6505154120705
816.8240038285685
222.88906504703846
125.94668689595375
68.12066810557853
50.84431185643645
45.16658924497541
43.093092098503575
38.91611966390257
35.2957467810191
33.08549739881125
31.926289361789287
31.398950294906445
30.63196689596489
29.9817617528185
29.2924086587117
28.162116057152602
27.16582040119457
26.60957353672306
26.056996513282535
25.25176542955069
24.488345566113356
23.774671387185972
22.84270755058792
22.110783052637412
21.777229466279618
21.28586999785679
21.006990648457887
20.42240819294283
20.02156419971586
19.552580540162584
19.328328354679716
18.987853736981855
18.634981124044355
18.282677783466486
17.998471051924337
17.36154093183043
17.081629477322156
16.973533212957523
16.846459599573272
16.487043909705104
16.18719376818036
15.794625416665838
15.42295666475725
15.039639982366447
14.930076813578989
14.591689806077948
14.38958395286063
14.038436276352396
13.584250660503166
13.478700067195518
13.35201571305644
13.171171612422302
13.022697988540653
12.68113772308623
12.36317140736138
11.905898871477387
11.608721248696733
11.23387730631228
10.76620039077883
10.419479910425105
10.111761221155401
9.955339898691811
9.756332094449016
9.537612433454942
9.408700567960834
9.221665364116012
9.10893871683178
8.981213823192148
8.708648883329463
8.55605864149341
8.384879418343438
8.250951844228917
8.117655551354016
7.999777711778423
7.94157549557716
7.826768241945303
7.6897734899725805
7.524726551904535
7.435435546253207
7.357831743149252
7.2970717426579625
7.228137365034536
7.201059256866413
7.170726489111158
7.145165973360604
7.112456514914852
7.042035152834341
6.975983089132311
6.865966093432282
6.768143962808075
6.713142356754003
6.656574705568763
6.6139632592367334
6.550273132638519
6.430656909445185
6.318508794596724
6.136413781323417
6.082596764735955
5.907605711859463
5.774973310031176
5.6478664976302015
5.54676397014703
5.490886466345948
5.428619357425152
5.340124635102598
5.293930197408218
5.222657530373338
5.181563211495906
5.1580438812138745
5.119850092517373
5.097912997825158
5.069320070082644
5.021035689053706
4.995579945170186
4.9654379636496175
4.957651650246795
4.936558836440439
4.928182962564153
4.913788175197879
4.899634855836413
4.893382184173972
4.887578493798057
4.879062934882232
4.873966884958287
4.866290549004688
4.855866961530927
4.849125722184444
4.838094026272897
4.830569760792917
4.822044838990682
4.8150205996410715
4.802952520166443
4.79213771203387
4.782275881385762
4.774582338318597
4.762734398954738
4.747633969727292
4.732642610807742
4.716224756990397
4.710013774153061
4.705233483940238
4.695015782852348
4.684211776737163
4.677276876667015
4.667065521211173
4.659797995255856
4.650942086359202
4.637513823784658
4.624959852430022
4.615500495565486
4.609015430006636
4.602481360440212
4.594101490500293
4.583149812689436
4.566517004386119
4.554394321798665
4.539786260658336
4.52384950676267
4.512318741882558
4.497482699225361
4.489387088182585
4.4671057879616605
4.450073735777565
4.438382171220258
4.417449755755958
4.403455408111276
4.383509831940296
4.368724512334726
4.346584984754886
4.3391561873183
4.318246852025501
4.3055675278277645
4.287742800296898
4.2625656476457925
4.254525773028158
4.243930340468763
4.232793406464291
4.211347167028926
4.197838703615047
4.178411400980645
4.153508924278421
4.137880453683485
4.1332571650688905
4.117445725588323
4.112660944225205
4.101506143052081
4.0929956968811725
4.0794104885107565
4.073631408850267
4.066898800314253
4.055036627955959
4.050576337799944
4.031461844152876
4.026189380984193
4.0205610660801785
4.016992566299048
4.010542551271792
4.002332145450616
3.9927050855107082
3.979298549670766
3.9749003851141564
3.9677970796946056
3.9617912012256307
3.9538540813240464
3.9452897052446696
3.9428743179078545
3.930607685091229
3.9246302126683177
3.916206978431298
3.912642964992926
3.907033586206678
3.902340947137418
3.8990079398861135
3.893391751566441
3.8859902969985507
3.8770001785332897
3.8608066314503593
3.8526335731423345
3.842277805184018
3.8284688425353592
3.818343119395072
3.804270800763447
3.800990224220298
3.7953041191480716
3.7911555903295246
3.7813511256470167
3.7684189808027844
3.759238998385601
3.7450498260903125
3.7365173957725326
3.73075971764261
3.724591942853778
3.711046558775575
3.687254440984422
3.6663390608639284
3.6264869844561853
3.5957265034979082
3.576818493797615
3.547933973183404
3.498924043096921
3.4656162256956495
3.3948826422496947
3.340230212429423
3.2989336117456958
3.2735951054064043
3.248684277002005
3.215985230213257
3.1914542048449452
3.15750104344769
3.109755974271393
3.093380085952219
3.0704301203208098
3.0547750372921914
3.045924568539912
3.031332362445576
3.0161427019480542
2.9970787776668946
2.9758334819073533
2.960620719252945
2.9580551628220118
2.9440738772253066
2.938681033980258
2.927601465917379
2.9119920085728555
2.901542343502233
2.8858849130523847
2.8791157268518948
2.8722686591247566
2.865121697465236
2.8536827769009734
2.845606641596662
2.8374887634383934
2.832982933330552
2.8270448224072804
2.819177365063254
2.811043647877768
2.8094529478586576
2.8005898835808742
2.7973267955218364
2.788346799305753
2.7818002291703046
2.7693931753965373
2.7596573628363097
2.751842199700622
2.747000353666807
2.7439279909750396
2.7380688842295484
2.728352361454893
2.716520099701696
2.709581100535666
2.7060736917437005
2.705233871948497
2.7012016639236043
2.6979788456169773
2.691860192995518
2.6866973361847735
2.685011384628662
2.679841388263098
2.677369750619913
2.6738174838409665
2.6728478720263404
2.669600921174768
2.668300957016294
2.666159077520324
2.663072897526398
2.658276515004812
2.6565071132607314
2.6540294765498036
2.652583378261154
2.6511025068670877
2.6481603757128416
2.64317718256319
2.64071968625356
2.6349003350904847
2.6324898429006343
2.631197343587245
2.630404061565984
2.6281495861209905
2.6261331480244774
2.6227109981977166
2.6220412036817744
2.6204252187442316
2.6195232613193764
2.6184810428539222
2.616962713359226
2.614903079398498
2.6133771275092097
2.612251176398161
2.611696136587262
2.611222329999769
2.6104061660954305
2.609064987797623
2.60814483499514
2.607679188772399
2.607448244572007
2.6065100483494517
2.605787881370049
2.6053890704442026
2.6048072277003396
2.604532036542338
2.604236022475757
2.6038117649906707
2.603033147189182
2.6019805645170173
2.6012288351716197
2.5999541465151856
2.598907792738393
2.5980932376026074
2.597540351775319
2.5970331636944324
2.5967056943656797
2.596153775159467
2.5950855295337956
2.594937127734895
2.594284108932438
2.594074017707617
2.5933185610043945
2.592402901463896
2.592001087831086
2.591091187446884
2.590421657189378
2.5898389233284362
2.5887401666754477
2.5878279379945397
2.586955019043823
2.586308303795855
2.5851851918691087
2.5834681686755356
2.582040962540421
2.581215481046529
2.5797250671000547
2.57860302642352
2.5777918772614377
2.5769292288664607
2.576061938101798
2.5748312971455216
2.574477217031172
2.573908912765641
2.573427140654168
2.5726308040277646
2.571600809329529
2.570058429333556
2.5685596736126355
2.5670342268008537
2.5665296741672763
2.5662097761866733
2.5657883852553645
2.5651533005592615
2.564720377509659
2.5640016192858957
2.5629534429374177
2.562149022145648
2.5616336554304184
2.559971496081292
2.5591586762804255
2.5583734066925676
2.5575902861692157
2.556890203774496
2.555814686427868
2.554943816976431
2.5543578605048083
2.5536937086665437
2.552799823443144
2.550444619618477
2.5481745222704912
2.5469093425616203
2.545815676143639
2.54534085522449
2.544890159108662
2.5435068970682804
2.54276285543653
2.5415856535735086
2.5405843699630672
2.540032877590864
2.5388871789250063
2.5385487973055922
2.536524012447341
2.5358790995348186
2.5355461018523973
2.5352630331935697
2.534734445340056
2.534036800648968
2.5330735672492883
2.5318183389212874
2.5315249679241014
2.5299200455368043
2.5291513895530127
2.5283840649093454
2.527094234510236
2.5262227560996906
2.524693250983573
2.5242206217815624
2.5236679495237326
2.5233092391520837
2.522901808563166
2.522117878552821
2.5217340052708894
2.5212421837440187
2.5205686009317145
2.520384526376444
2.519904290881712
2.519410650875865
2.5184765285345745
2.5179721528051044
2.5171240771537673
2.5168024064992065
2.516489801293385
2.5161230230034697
2.515656827391559
2.5142313509511425
2.513766959225447
2.5128925336587082
2.5120402736776524
2.511763143328087
2.5115316906082583
2.5113586147104305
2.5110130219017774
2.510325625120932
2.5093186037562196
2.508643453411323
2.508005665841724
2.5076379177231494
2.5073277750925143
2.5067723614069433
2.506030581676127
2.5054895826541075
2.505327707664735
2.505189876337981
2.5048712992291904
2.5043845955061226
2.504278408391693
2.503601758210809
2.503410265790898
2.503210154681523
2.5029225267804884
2.5023825441306333
2.501988938322586
2.5014547247556362
2.5011325393301203
2.5008120626175563
2.5003062725876237
2.4997715017527793
2.499048142939422
2.4989022301363155
2.4986680820487073
2.498527831395484
2.49830781374801
2.497930080079926
