363.57951658135346
260.34872085936416
238.59576088120212
176.68121030582353
119.43206243773874
22.330958476315736
7.725165905532661
6.389716382026845
5.099094705513769
4.8612165945048265
4.546168030012684
4.102812806394029
3.4316765941934433
3.333698242009722
2.9903074664953526
2.7123051525777955
2.3938847428204815
2.0956489183815967
1.9020516962979723
1.7465382423204794
1.6827990152342882
1.63130235691082
1.5540198548291195
1.4579577720582606
1.4275239556566408
1.3646657184387516
1.295850709673483
1.2614101503611859
1.1976400575727535
1.1571873639098191
1.1094588619765566
1.0886371837353277
1.0667469415057402
1.0334731606807417
0.9963509279424991
0.9692079013677533
0.934935800682132
0.9134665737063009
0.8951995871965936
0.8717310091197357
0.8293614532179068
0.7872651438587868
0.7704068187615095
0.7494646683297927
0.7209011241745662
0.6777721286901812
0.6711301515121605
0.6434038307561691
0.6370384185259561
0.631753440375456
0.6240035289198427
0.6116520122689144
0.6023696460953825
0.5921826173630409
0.5837912909845993
0.5787724047052217
0.5717409226732174
0.563066785467767
0.5508862946370954
0.5442838200682099
0.5329430787667194
0.5272150807706624
0.5231641098177762
0.5160961533540762
0.5106722635155754
0.5054082609745856
0.49813667706593534
0.49526701901481507
0.48076856681237445
0.4750479400248119
0.46767444695404087
0.46495816533240564
0.4596766429244445
0.4552178556502235
0.44980967023157176
0.4434188865967839
0.43566498931567754
0.42968320307539576
0.4195944533739042
0.4128364331045715
0.3992007206631656
0.3978396053129105
0.3876066070429405
0.38553852369308483
0.3825060761727289
0.38005463777026616
0.37699160777628044
0.3760392036688225
0.37537058541457335
0.3746503547430632
0.37372329355693074
0.3729028056459525
0.3715960679289953
0.3700304794099841
0.36900356360542563
0.36805115072942646
0.36682386443826137
0.36531827978027076
0.36363797488566096
0.3632022340751312
0.3623196782629218
0.361797045641594
0.36116853955861855
0.3602720926403006
0.3592247507772648
0.35842424495426844
0.35795544986771843
0.35756650852714034
0.3569368321667231
0.3562910758297351
0.35571374530870803
0.3551624184426446
0.3548313503998132
0.3543193650549429
0.3538956548495605
0.3536733213206987
0.35325591851297544
0.35294623305976097
0.3527684599540875
0.35254272792843044
0.3523269722802767
0.35206719743936443
0.3518059454942425
0.35164138893346275
0.35141126019957236
0.3513920528385617
0.3511700101226251
0.3510795140839709
0.350962966535378
0.35082347329747243
0.3507036659462586
0.3505257312620609
0.35041784752203226
0.3503353883679405
0.3501266030134178
0.34999776336674543
0.34976939222332376
0.349656744848792
0.3496100238816506
0.34954879652372384
0.34947936044895
0.3493775002665483
0.3493072046864284
0.34926889321200943
0.34919939875115263
0.34914800527482837
0.3490803058520105
0.3490249966868243
0.3489897890734189
0.3489509907003132
0.3489220414496842
0.3488730969644826
0.3488230576685201
0.3487854325275711
0.34873073958569556
0.34867933605062984
0.348642930300076
0.34861165817755874
0.3485956542693288
0.34856184828293507
0.34851686803219695
0.3484717951150134
0.3484447452271848
0.34842497708859016
0.3483932375951866
0.3483506798239901
0.34830331143871457
0.3482664149196813
0.3482378545993362
0.34821409246535506
0.34820591939317247
0.3481753133499908
0.3481667735509131
0.34814817424284095
0.3481284849101129
0.3481096647795309
0.34808360638467334
0.3480671006442545
0.34805309924728606
0.3480246314977807
0.34800148129071684
0.3479715430579664
0.3479375739061652
0.3479119133989247
0.3478956746743047
0.34786490848931184
0.3478443795188969
0.3478122154460017
0.34779637664288476
0.34777911665011807
0.347739696057714
0.34771619049776836
0.34769656459471027
0.3476666269868176
0.3476500230820919
0.3476254127942726
0.3476147503059623
0.3476031450809486
0.3475871612795655
0.34757254072834115
0.3475656906869977
0.34754479785013487
0.34752802000098837
0.34751187758428637
0.3474975875940779
0.34748436082409956
0.34746472662677863
0.3474525379562686
0.3474311574306655
0.347422670665969
0.3474080373332675
0.34738768015639077
0.3473740615253671
0.34736541625719114
0.3473544500969249
0.3473360177762929
0.3473222173636939
0.34729394774129185
0.34727159464722135
0.34724763946041043
0.34723937092112483
0.3472302876865239
0.34722064668052605
0.347211283741793
0.3471975376953246
0.34719490644191964
0.34718735293365155
0.347180407819759
0.34716928308271805
0.34715721597529875
0.3471460063471612
0.34713413328135184
0.3471285054878259
0.34711992449481366
0.3471158431683855
0.34711079715498444
0.3471056210825226
0.3471019666006552
0.34709700449709896
0.34709198486551823
0.34708703053663986
0.3470814620828131
0.34707263720518455
0.34706742413262576
0.347058186928989
0.3470521568897143
0.3470471825969992
0.3470431533641879
0.34703910543070143
0.347034596379857
0.3470309652316705
0.3470267051268213
0.3470220997563164
0.34702034463455717
0.34701801917793573
0.3470139384054341
0.3470090709687929
0.34700508752005743
0.3470008166353944
0.3469970092458714
0.34699304245457846
0.3469876973240267
0.34698271509374723
0.34697627529383834
0.34697347636075127
0.3469692208693116
0.34695690639860655
0.3469520617921844
0.3469388928066099
0.3469238722672642
0.3469189543812513
0.34690544481407526
0.34690202286267025
0.34689976187944876
0.346894393667592
0.3468913859122667
0.3468806728733887
0.3468752504892466
0.3468710724124541
0.3468659452894936
0.34686274422630164
0.3468587734607256
0.3468549141535155
0.3468502274597612
0.3468481965603334
0.3468453701858712
0.34684343040822574
0.3468413672409708
0.346838324253178
0.3468362686334187
0.3468333340630345
0.3468313240621368
0.34682929841515364
0.3468276408644337
0.34682466955954183
0.346822838068003
0.34682108274802753
0.34682034330116807
