672.8623289951918
493.172338458089
459.4409958973763
363.1018457406313
229.70031958852772
32.4590556155428
19.61361635729776
10.35304844939303
7.368141973975604
5.457739746876737
4.529978122059636
3.4873445553802
3.1892426944247
2.8037855894929287
2.6297301629785204
2.397754038054491
2.1574005296474876
1.8194160651592888
1.672732902408195
1.4910942351977803
1.364575276218448
1.3005473598223096
1.1562155192646628
1.082323818906385
0.9882513622924739
0.9535922797048735
0.931967260811375
0.9059198267189181
0.8777404729311182
0.854803082419347
0.7931460973854606
0.7699603329353459
0.7336913139042149
0.7150204634007251
0.6961835392722036
0.6659811967688589
0.6342682965530209
0.6155284296509631
0.5964363328543809
0.5846618040609801
0.5701675278238851
0.5610359205080019
0.5410200118910189
0.5344935669150988
0.5255330438576153
0.5173662655325061
0.5113762761801884
0.5067285765160472
0.49768554092805545
0.4924355572085775
0.4860139820321295
0.48234153908089505
0.47599144245269864
0.4698657215337746
0.46497263914920023
0.4580191725266216
0.44608846053021056
0.43397870460161897
0.42367362712480006
0.4138199680591883
0.4045343048747069
0.39572077957506413
0.3851616690789964
0.3794822943086209
0.377252224443589
0.3736734953571952
0.37238783873116804
0.369614566857074
0.36562264825084356
0.36018498505054164
0.35494927507098306
0.35094512099965647
0.34759831821440823
0.3443149852325369
0.33918570762131117
0.3347258980567491
0.3310673646196305
0.32867322592580883
0.32361163220242173
0.321307688983442
0.3188303833413864
0.3158210253000995
0.3131340644864573
0.30812000575705106
0.3065104783980754
0.3033458909636784
0.3015266691365898
0.2993337037006004
0.29744827514751093
0.29649063169546125
0.2955873178922357
0.29413428917334383
0.29360077435157816
0.2926232583687964
0.29125107036205117
0.29035904695038933
0.28938171114784983
0.28857738845790465
0.28771961715823524
0.28741331096999995
0.28585189194521343
0.2854936284739926
0.2851927291280553
0.2849457451330639
0.2847363909163741
0.28404856987142235
0.283719380922215
0.28317623405337616
0.28277670795075044
0.2826060689562654
0.2823074022845415
0.2820562710140209
0.28179266705160555
0.28148204119216014
0.28135561021615657
0.28118742946254927
0.2810732572172956
0.28095365235807357
0.28073838765614023
0.28071288840344955
0.2804657938670353
0.28040514554759616
0.2803123849620632
0.28022587238088653
0.2801214366679802
0.28004304910343236
0.27995777372447256
0.27995115701756756
0.27988818873402604
0.27985923029655524
0.2798152133026266
0.2797469977260319
0.27970228013408277
0.2796299685178275
0.2796097647053275
0.2795900222511992
0.27956682907608543
0.2795451144550085
0.27952559930554255
0.2794994941502883
0.27947856387232695
0.27941459464505836
0.27938998910341595
0.2793497171213501
0.2793091196912879
0.2792578834483425
0.27917178722273134
0.2791321284781657
0.27907245453245944
0.2790287683045265
0.27900777712447455
0.2789850451453302
0.2789574301015634
0.2789305188362287
0.27890936012452217
0.27889606981321874
0.2788875360111563
0.278864456438358
0.2788189286894298
0.2787929567914303
0.2787464972946879
0.2787101673830201
0.27867080218866824
0.2786285646402379
0.27858355861593537
0.27856090202482553
0.2785251529438624
0.27850014928169736
0.27847635236453105
0.2784601533242317
0.27844294543998205
0.2784228771238751
0.27839979278113014
0.2783559618493234
0.2783461728278412
0.2783112399612419
0.27829881527134115
0.27826831787345024
0.2782421148786383
0.2782174660797254
0.2781988710912518
0.2781888759030539
0.278177091782133
0.27814522719664825
0.2781153102339531
0.2780742431927282
0.27804488669403205
0.27801721038237226
0.2779906366637918
0.27796246750865217
0.277932087296396
0.2779163096949731
0.27789485225987237
0.2778734456240617
0.2778589455421745
0.27783574268062255
0.2778205792636542
0.2778020875417046
0.27779488884303694
0.2777850775208967
0.27776977467229796
0.2777586712033688
0.2777384702171538
0.27773043349082704
0.27772440747345173
0.27771583784415976
0.27770428301382505
0.27769447592970925
0.2776794002543129
0.27767078947606744
0.27765978936742713
0.2776540008959114
0.2776443061185172
0.27763104175239606
0.27762510518867095
0.27761792679247743
0.27761354369604624
0.277611268827473
0.2776072230079196
0.27760216230499357
0.27759827104500917
0.2775939527595699
0.2775901834730743
0.2775840659741816
0.27758152364415406
0.2775785032812309
0.2775747782448066
0.27757021252025066
0.2775663235522191
0.2775629684767366
0.27756145228903495
0.27755966141677013
0.27755451284485366
0.27755227107196806
0.2775453908945921
0.277542128019853
0.27753689365404194
0.27753290264212005
0.2775293655845183
0.2775258597308761
0.2775240449106038
0.2775198670817942
0.27751825274792397
0.2775159423731331
0.27751365662166433
0.27751186086539226
0.27751002946672065
0.27750838106880105
0.2775039978531564
0.277500685215737
0.277497928198932
0.27749630095932476
0.2774945185471049
0.27749246798234767
0.2774902863257522
0.2774886404274275
0.27748783256172826
