526.0421365148328
513.5807429288332
357.8739077455983
124.33064451004736
33.802155149785705
21.032457234285847
17.956527126480157
14.539806116924415
11.840868588026128
10.21387113052478
9.278079844185266
8.31743903831626
7.694365791970778
6.901482690757159
6.255094280138214
5.589187773722345
5.093426465686182
4.870599535841934
4.676473701009454
4.446136816722629
4.24896456522581
4.0767728541648385
3.9308266852304357
3.7683148751046094
3.628778908718899
3.4310288948494154
3.3312127149022595
3.1959674580908057
3.159073215852425
3.059137167503097
3.0344809002390356
2.9959772285091613
2.9822300680679765
2.954426904989784
2.9265166326156065
2.906291828984227
2.901263382367464
2.893797216445509
2.880727243373474
2.8626460893100596
2.8518759558836626
2.8392622108849372
2.832874205188004
2.826110866635978
2.819250416653388
2.8164928048031856
2.810684122426138
2.8032510949079485
2.799368379385926
2.794293924521654
2.79233890351393
2.7859443520244365
2.774664416906901
2.7627901625811475
2.7521872128777436
2.7482286731452166
2.743705450047156
2.7420503780029946
2.7373979226784964
2.7332205463114154
2.729187938498337
2.7256927473343953
2.7209394347597446
2.710854616270964
2.702737521521907
2.699659457486462
2.6982118930448324
2.696789174228277
2.6943412021121276
2.691422020667618
2.688599479524159
2.6862532966057007
2.6807260277048184
2.6768427300410673
2.672925338921155
2.670767752592588
2.667961432531984
2.6657483557511643
2.6646836936402947
2.662674713259452
2.6601994535656686
2.659351373059036
2.6570708627064508
2.65539169209955
2.654500376778382
2.653293011279332
2.6510248344002596
2.6485665133098366
2.6451049218934486
2.6424649914503813
2.640493591362762
2.639017465203793
2.6382834607519836
2.6366624336056113
2.6333425887163084
2.6313543788482576
2.630792411332713
2.6300730567086186
2.6297548020563632
2.6291810612060873
2.628031483336615
2.627169205056069
2.626145416896321
2.625420044374579
2.6242071711264896
2.623393497529419
2.6223444642913147
2.6218344831450313
2.6213843357850437
2.6210814075764026
2.620131015787376
2.6187441633404718
2.6179142377243534
2.616645316734167
2.616446295235923
2.616112880323674
2.6159486444342104
2.6153013600266632
2.61475182691455
2.613727872740065
2.612498223372337
2.6123983375344744
2.6117863804915458
2.611487504078612
2.611186624166604
2.6108386859583512
2.609814003770104
2.609047003458601
2.608876817891635
2.608719071307637
2.6086514569232797
2.6086350659059896
2.608612604687495
2.6086015490093146
2.6085988392975374
2.6085919806972613
2.60859071657994
