109.24126318867006
88.00092436424251
77.54790863718175
48.434842917610645
32.51746568641937
20.91000818682278
15.724646790484211
14.059103537764917
12.773380895538763
11.920679219896076
11.437185851251682
11.19440865143005
10.137301539859756
9.396373016630104
8.022707447155877
7.282863841050814
6.287292811925911
5.601241321643933
5.35255061024543
5.052630167669147
4.373106516887935
4.01590846080709
3.654276462093846
3.295353725132703
2.949459642324448
2.703423764149209
2.279090676238635
2.078839690424033
1.8280802169077877
1.6139397619571656
1.4522967928445403
1.2786766311331585
1.2314234839811116
1.1892353346369453
1.1119516653918469
1.0487936646059783
0.9600358878357848
0.9265862505783109
0.8956507564835725
0.8430158427681448
0.7488804623016768
0.7190817136008575
0.700671750272429
0.6738087354249537
0.6433659126793516
0.6192610352726977
0.6007370993131427
0.5862605052733928
0.5734279842502381
0.558973083570349
0.5481245386255555
0.5376876836290587
0.5221889477824392
0.5113503546193953
0.5078758165290316
0.5009747123120805
0.49751954459214026
0.49048980642350626
0.48301901594110036
0.4776127152666207
0.4750827239165723
0.47299840669374627
0.46945220384025566
0.46743983199631356
0.4647613453832352
0.4636275244858462
0.4627125206887254
0.46045262881035476
0.45638361260414495
0.44760346456993017
0.4380946232268026
0.4279090723390782
0.42424717777308457
0.42146463629805875
0.4156384142833343
0.4081710565054078
0.3992831796416575
0.3890204697395801
0.3819179122742936
0.3770437598028877
0.3663463365117304
0.35019558567001374
0.32029273448014955
0.29501046519345525
0.2702945575151104
0.2559846085747658
0.24475226427226543
0.2045245599553954
0.19351091094348896
0.17758949455357817
0.16471102193911777
0.15848858171702396
0.15167461352756953
0.14218993104260746
0.1361196699734846
0.13067239275850456
0.1215002107386198
0.11776829542600287
0.11337999826218176
0.11000619539988624
0.10167551341041917
0.09965200923579665
0.09185820543286939
0.08937139532206304
0.08697897120750514
0.0818094764762705
0.07710305289471509
0.06852601032073183
0.06460897410349681
0.06292669498415282
0.062116783785984314
0.06123476943616946
0.05977674756084194
0.058841306439704505
0.05752594651755309
0.056421256085205
0.055933567244242935
0.054970840418517006
0.0542155617110893
0.05321079649117616
0.050328038895062294
0.04769817748324377
0.04483714461662246
0.04317388336415309
0.042239921442065
0.04174928716110027
0.04070922323926769
0.03989232887537378
0.038910128978720676
0.037136065780890064
0.036383156522490065
0.035519605515712954
0.03423681756327511
0.03368071795712528
0.0333558186504468
0.032912370835620604
0.03253107990636581
0.03160044255981306
0.030921685339843914
0.03022757034122242
0.029830212584711115
0.0295353363229013
0.028632297729640092
0.027277148031849403
0.02603126043746215
0.02508788901925113
0.02469370614319524
0.024394457194968425
0.024001548304327013
0.023174764434049987
0.022761262279746956
0.02219298039710397
0.02151685141070002
0.021036146156364694
0.020526674945619255
0.02012865753433773
0.019476844296956772
0.01879380811365412
0.018050125137003874
0.017798891366120794
0.017363089962550378
0.017110211009984465
0.016374879784340633
0.015188260245840631
0.014052162975879707
0.013467596659327369
0.012925685981291152
0.012726874792111908
0.012496172487409493
0.012161855016402053
0.011868118115992322
0.011638503814100525
0.011525110369993609
0.011250771179783207
0.011048706716206438
0.01063804579392847
0.010157228199932913
0.00974430514730214
0.009293590157224361
0.00868903011094779
0.008146096173195689
0.007240449456775152
0.00678717765052188
0.006215583610465366
0.005932529948823811
0.005755694999856437
0.005617134623519676
0.005447056552075183
0.0051295256537818475
0.0049237219373769155
0.004609644133203531
0.004507815704996961
0.004421080974088737
0.00430616545123
0.004160633908458789
0.003932033211428318
0.003852735840996063
0.003804632183410182
0.003747339260557919
0.003665849276098335
0.0035638870139439857
0.0034353804184601875
0.003377599633920146
0.0033081232596333054
0.003267916133688226
0.0032259129639542563
0.00317721008712383
0.003135648673355428
0.0031109917270614415
0.0030977622266525344
0.003080355447951069
0.003061540740630881
0.0030265424628663547
0.002995032371323675
0.002970563441520428
0.002956198987798942
0.0029388945219901495
0.002896507809563467
0.0028830301794917413
0.002815029907172123
0.0027716965176693893
0.0027075239295960545
0.0026134453462163857
0.0025432217811676232
0.0024696359045312346
0.002420654738325197
0.002374182957575825
0.0023111969629914277
0.0022586113041494875
0.002236835972255864
0.002219745471970463
0.0021692085610401507
0.002109016329868476
0.002061263678698986
0.0020283780953897212
0.0020070355731136654
0.001991516858681458
0.0019368264262425183
0.001901592413894206
0.0018616946714290136
0.001834345774683885
0.0018119738665436907
0.0017792588989721909
0.0017519915950522623
0.0017377061406082719
0.0017138035718413955
0.0016645605730348572
0.0016124952480811665
0.0015455258299535396
0.001505396489088492
0.0014769475821746429
0.001436573504304253
0.0013804370779726422
0.0013200499411235064
0.0013119546052740713
0.0012779733539943453
0.0012665379065947208
0.001213153428695548
0.0011379464276867518
0.001034380502031066
0.001007942057756279
0.0009410923694824565
0.0009081507622677379
0.0008747958998791405
0.0008387354348776019
0.0008058142397119108
0.0007691192910301011
0.000746199261247951
0.0007251919944201719
0.0007055913132723009
0.0006723041893185954
0.0006388832878382773
0.0006181788874323653
0.0006073754971344299
0.0005893239879364113
0.0005835196105310762
0.0005746817479149124
0.0005652512794659752
0.0005600019722714452
0.0005530520816729005
0.0005488705389657098
0.0005442444022230902
0.0005377668075962066
0.000529749855333192
0.0005199295765797755
0.000503460130343262
0.0004932284006997084
0.0004811822952236071
0.0004708817095235952
0.00045953484313735496
0.00043233146239763314
0.0004221751578101941
0.00038029446550732246
0.0003648583146888984
0.0003565829543611076
0.00034831738288417104
0.0003243877372130761
0.00029802216533310094
0.0002719736976919362
0.0002530764023806101
0.00023964910308279356
0.00023176641494567727
0.00021816616927380263
0.00020476315169934707
0.00019814104406190193
0.0001928707400636728
0.00018880305767904264
0.00018588615179551256
0.00018384545443818267
0.0001805384578472392
0.0001797902616605395
