44.5965631414853
20.239309437310958
3.3743217603105986
2.026127605326828
1.7051095910810878
1.2544064176743934
0.9483730808848624
0.3829631095894563
0.1764021438170828
0.13556433717601868
0.11879246934045551
0.11463439270235377
0.0990344371890311
0.08495157560177397
0.07732373809497274
0.07288850359975951
0.06914462408782515
0.0670270803383878
0.06511124056173545
0.0605681991450646
0.058419254323747144
0.048037774382578655
0.04083048066062882
0.0321842197336559
0.026270217158471054
0.021186018680649094
0.017492775065546456
0.014713569530461493
0.013225837764463538
0.012663245856055159
0.01204703965104181
0.011472067450598965
0.010832664536557356
0.010650086946229525
0.01048217661297657
0.010431716726548636
0.010399424200157157
0.010224241935455349
0.009925653949336387
0.00944197198217393
0.00856283739150497
0.0070645088997999435
0.005159770983248281
0.003577604505083711
0.0021461141709613408
0.0016565068247969298
0.0010609210622243514
0.000833911802839318
0.0007292620389180483
0.0006474164153781378
0.0006045390169131824
0.0005468340634436516
0.0005380044116335074
0.0005350969930111643
0.0005295899513909759
0.0005222499647439703
0.0005181597053586612
0.0005145311223931989
0.0005131311704613304
0.0005114170891566862
0.0005090799061048101
0.0005064411803409308
0.0005037606846920542
0.0005030965293797628
192.89668510697237
180.35790164670505
162.70746581920827
151.33057666876
129.87093910440677
123.04107567303079
111.74723386958924
95.92849384238971
77.44022634501698
71.91943839243115
64.81991218524345
58.70655724005787
55.82221136417631
53.52942853742069
50.92230635738483
49.5324438995751
48.647890308218656
47.933728838560356
47.17617915940134
46.24956569628379
45.31430804634993
44.71177482796814
43.92397989815935
43.128857605784034
42.193296863362185
41.44064550157254
40.371718651588616
39.67740005516129
39.147708438451694
38.823826266936926
38.40050183773962
37.974484032743106
37.36697018248837
37.139821900926904
36.93264834482448
36.58192262654028
36.32322233744093
35.93635457935429
35.68331972917605
35.229732588326144
34.975745487358346
34.73812331007058
34.60752863122325
34.51678396281771
34.44111834696143
34.38310940121233
34.31729182127914
34.26718102036648
34.21526717815113
34.12699521051595
33.994039779091544
33.89149566623924
33.777773311230455
33.58808005626887
33.55322139312661
33.51105106009212
33.47039314976656
33.43885790959985
33.37610433115424
33.31825561264179
33.2239506828506
33.15772655813918
33.102021365461866
33.044489336132656
32.91035540043644
32.867028622386904
32.800917438937
32.74906415832401
32.72441061586436
32.70039226241134
32.67774039751348
32.64516328208555
32.5870635851144
32.56260452257659
32.488904847089465
32.43418490927363
32.390907147172236
32.36974278348667
32.3512965462407
32.29635930155338
32.25983356150273
32.219249200036046
32.14835041596101
32.117611971263976
32.06095961005994
32.027934865434105
31.98447282159652
31.944362846969966
31.894145566917175
31.83058488729696
31.76776133287908
31.70259338115998
31.646651717625836
31.61063217857865
31.576046973745587
31.548645301897455
31.530433564451677
31.51608554869735
31.48912391167784
31.46633876180335
31.432280627724253
31.388236405481436
31.361515503084856
31.32862587691699
31.31079998388201
31.28848918681804
31.264612512666485
31.236145700875444
31.223458509381395
31.177218974800397
31.141545508377448
31.113801614194067
31.077053424481903
31.05285001603342
31.034893016686222
31.01371371222969
30.99778567936761
30.9759533587081
30.953966177484457
30.93655212483785
30.921848480408855
30.912148838977753
30.900673826687086
30.88501855857138
30.87508071085094
30.86463379563095
30.858692728032214
30.849415294808253
30.83395331960004
30.820379528552774
30.81042083135169
30.806440561513536
30.80239067181091
30.793936101411713
30.788002269009702
30.784989934370167
30.78231444637593
30.78028059146444
30.776721944188715
30.77445278047521
30.771375359264322
30.768921728298675
30.765702450685577
30.761586563595255
30.758385507543196
30.756357654104825
30.755180321612233
30.753082438551125
30.75178324155513
30.75023258027076
30.747543602625502
30.745303495923746
30.74303230025922
30.740188625615446
30.735958939876692
30.733585060177607
30.730245773569916
30.729241153174016
30.7269623235611
30.724841261349667
30.7198584924074
30.715780925158022
30.711675273704316
30.70900673442903
30.707476599113242
30.70665294056017
30.70556843610758
30.704920021769507
30.70368940017111
30.70247727495678
30.70129569182606
30.700678731422926
30.69978237287498
30.69801183720193
30.69543456530335
30.694227170466338
30.68920693222668
30.68774216369536
30.6861883354718
30.68584105101678
30.684704502852234
30.684229589243326
30.68341636243474
30.68246536009265
30.68204351607419
30.681357665785086
30.681202827239584
30.68100343354368
30.68080992382829
30.6805397553738
30.680145473354635
30.679816183881638
30.679066829141405
30.67799520698048
30.676631383690655
30.675748560487804
30.675240160318594
30.674881438882302
30.67475241157857
30.674449499961035
30.674073930164308
30.673685785883187
30.673209234470598
30.672646302401372
30.67178287963845
30.67080122037372
30.67003110632253
30.669026169188292
30.668596009300238
30.66798872449591
30.667207105574818
30.666555853431117
30.665907303811945
30.66525871062463
30.664776156699478
30.66451183577871
30.664322421746316
30.664219232431638
30.66405239995948
30.663713491063316
30.66348059567874
30.663149270583602
30.662821452031885
30.662401836726854
30.661712601636914
30.661389189788235
30.660739619062035
30.660081348436936
30.6592564502121
30.657604769897475
30.656646776442052
30.65580089149297
30.65561826344649
30.655422466834494
30.654970963119787
30.654692321599725
30.654467360879373
30.654135877596296
30.65402595566487
30.65395116301597
30.653819251862807
30.653648183911034
30.653567026348334
30.653508344822633
30.653472973541056
30.653425927629886
30.65340520112579
