1578.9542405570915
1218.6546072917993
1093.0179497937572
966.4735827568451
453.321022044689
29.074427041982972
17.553862836375934
13.708474658209926
9.531251227916949
7.425319208230254
5.557422342359125
3.920345610462518
3.448598664060954
2.899849179656844
2.7286990348331717
2.4150736878305454
2.2865651188782743
2.143541373964638
1.9369344705529024
1.7676133057075816
1.547129480292072
1.4036330473688525
1.3151183871510228
1.2007557180785775
1.1089014705808042
1.0284197614527897
0.9375049465959406
0.8786022960131692
0.8122966467039885
0.792200789323747
0.7247645746328126
0.6832388995880148
0.6461950190865513
0.6184337197141994
0.5771235279395849
0.5442699569681768
0.5345873890298762
0.52195351675961
0.5000350529330272
0.47424563054043645
0.45501963200350437
0.41946741369935814
0.4106739528352849
0.4008432661437604
0.3918910116005762
0.38442099312081546
0.3722241294268782
0.36780962725035077
0.3618819720330772
0.3541400575109559
0.34771765551889033
0.3435604190213339
0.3409988569058756
0.3385243735973641
0.3340792223481819
0.32191812497253847
0.31697386889175305
0.3081845987044538
0.2972746122393709
0.29466215554023834
0.2841183977440591
0.28029080195898826
0.27430310200575125
0.2722187446696047
0.2668465137388128
0.2638398304421441
0.2604986033025227
0.25600731588536396
0.2521448741441771
0.2479238810591328
0.2458053926244123
0.24240877400560004
0.24105189387428883
0.2382754559583105
0.23701955889927345
0.23498297453188371
0.23385647217188069
0.23192619885320298
0.23025024817107453
0.2286637722826773
0.22651237797808654
0.22456114869815075
0.2224413313030419
0.22002622603260621
0.21773977773111808
0.21513026660614365
0.21287738271435663
0.21165971657547333
0.2103496933566535
0.20970554316147816
0.20892196885124623
0.20833418919646762
0.2078935075123237
0.20692347129978442
0.20617931285225571
0.20519324869939176
0.20462068772191902
0.2037256401163318
0.20331775633716276
0.20291179495099637
0.20251790601915864
0.20240776269111083
0.20229186426283374
0.2019700012290626
0.20176179981070114
0.20145481384843167
0.2012106750093376
0.2010338477625801
0.20082367172942883
0.20056485986837336
0.20023286411891944
0.19999169706127914
0.1998436594549608
0.1997783895749961
0.1996964632970783
0.19963821956043473
0.19954033971049828
0.19942225675503605
0.1993172609764562
0.19925421386447895
0.19919612979845297
0.19912741283921942
0.19904530387052743
0.1989602126535278
0.19883799170932406
0.19879800332427944
0.1987291687409335
0.19866689759107553
0.19859883850575613
0.19856173460502946
0.19852699681160588
0.19851108328052913
0.19849097652246755
0.19846741399769408
0.19844545598707825
0.19841633456696395
0.19838921825212086
0.19836606136111173
0.19834791937881546
0.19833156235696253
0.19831015510770514
0.19828138257114175
0.19823297274881796
0.19820831612676124
0.19817345210159998
0.1981543339972464
0.19813650426426832
0.1981188827418836
0.19808528638826395
0.19807110586058663
0.1980521837703408
0.19803986335136892
0.1980177123221401
0.19800152493312562
0.19798683883645363
0.19795604209267348
0.1979499822376783
0.19793612728320487
0.1979275098227107
0.19791619923073514
0.19789381041926726
0.19788638714959558
0.19785981750707723
0.19784257210989104
0.1978241816345068
0.1978108765181673
0.19779858339929693
0.19775080718341256
0.19774043102544997
0.19771955532566826
0.19770577733277384
0.19768991526635749
0.19767641012278236
0.19765681955348569
0.1976404264351056
0.19762207685314587
0.19761059297528494
0.19758878701639065
0.19755648324770786
0.19752466058029094
0.19750229469725888
0.19747738252581964
0.19744032378673665
0.1973952893060255
0.19734610410814307
0.19732831590040828
0.19728528893388275
0.19727086919027803
0.19725726206137292
0.19724537436102976
0.1972312419591148
0.19720685107832964
0.1971871145882192
0.1971769766314521
0.19716772162942636
0.19715634855794179
0.19713612141882947
0.197121586815257
0.1971079008534285
0.1970966897208587
0.19708698217767562
0.19707608016725153
0.19706002134153022
0.19704556489740288
0.1970269856089779
0.19701919348361868
0.1970078215624672
0.19699735415736366
0.19698878684322518
0.19698047713580527
0.19697228272697176
0.19696197901316925
0.1969467491717629
0.1969418111546247
0.19693275080399486
0.19692174267573145
0.19691030398329207
0.19690005139419514
0.1968861945381284
0.1968769633707227
0.1968646790488567
0.19685166879090604
0.1968374237266018
0.19683347683596475
0.19682876325863696
0.19681554482253455
0.1968077300791487
0.19679428105098365
0.19678439112398677
0.19677261140154959
0.19676364552430392
0.19675757903490237
0.19674686492173374
0.1967368607328238
0.1967303389771884
0.19672773210279937
0.19672468737563253
0.196720664825684
0.1967150259378665
0.1967076736040701
0.19670361539231326
0.19669602514395568
0.19669190732415318
0.19668778528969447
0.19668463817926615
0.19668067702538206
0.1966777545042308
0.19667424176336695
0.19667303491231847
0.19666998576813582
0.19666739742856248
0.1966654110325784
0.19666281672714186
0.1966608074117408
0.19665703885678526
0.19665388575046497
0.19665122078719993
0.19664845695300393
0.19664576492043828
0.1966433650476216
0.1966422272408516
0.1966399296552121
0.19663885285811655
0.1966370233664232
0.1966345578380594
0.1966330941496174
0.19663078279524096
0.19662908572820484
0.19662694378289663
0.19662484060056823
0.19662236486783347
0.19661910819462133
0.19661711505512386
0.19661439914866669
0.19661096695829675
0.19660920703098886
0.19660411392546367
0.19659940459634984
0.1965940990381131
0.1965908394435612
0.19658685576193305
0.19658452845812144
0.1965814251012516
0.19657856167821225
0.19657629307692737
0.19657488442465632
0.19657260660609674
0.1965708103036571
0.19656924816912022
0.19656517339220558
0.1965613957260311
0.1965551937778549
0.1965527163670019
0.19654949829982482
0.19654791104634034
0.1965446833405881
0.19654238732845036
0.196541100200742
0.1965401577221128
