2872.9105906252394
2239.038703715282
1979.4130116943402
1270.6144157952513
1266.8349446546283
1068.230861852776
1031.2441083057822
1015.2075545377203
565.1465995655475
547.8821158339765
528.3583216142458
441.4058952460067
435.2538783686812
421.4891151159185
418.69621581780564
416.62232157403264
398.53921888089747
312.164965533843
297.28194790042556
277.70078677594284
247.58154733426622
240.54049019700136
228.24751037609863
192.86086870639446
182.93433367807557
179.2666258823425
168.17605016459572
153.97453807901212
140.14759342011106
117.99391881843314
113.95966427305399
106.08063319546685
101.21461949487399
90.57163947586477
86.29425079982937
83.81429912587657
78.35859291741613
76.66146912152826
73.87290068495568
71.40829314254557
69.39542816264017
67.39449354486669
65.62488663222098
63.9513822739159
63.08546923579152
61.93450927638587
61.77830852485924
61.128392688014245
60.599936101514324
60.139945226743876
59.6736383511006
59.44781268690315
58.89668578974653
58.41475911526051
58.005851524427214
57.871880902780546
56.63354975983437
56.041466513846004
55.49156518603994
54.75377356292657
54.59585020372677
54.148780603162486
54.018752460236406
53.876752054551744
53.61103924983925
53.46999156303063
53.01135346985944
52.78326542325502
52.663109307852366
52.48006257851148
52.36678311857442
51.98098496903181
51.5055442117977
50.88888032736107
50.666403677341265
50.38952084499559
50.27272924916869
50.14257648041173
50.000967675622945
49.60790533126159
49.30846085592654
48.90509770148148
48.378314055882825
48.067339546210896
47.876717681084855
47.34595453125459
47.053447378168926
46.81103485601546
46.651668634166384
46.501313718970195
46.41961802676614
46.30683080795331
46.236425583664534
46.12695717008759
46.10401766246042
45.970817518360946
45.73727964859768
45.45160283085831
45.09575848092545
44.214278934265344
43.68491074613581
43.5869065452287
43.15877394668184
42.788755629248094
42.55844703301754
42.40503108053202
42.309366511247056
42.28939992284563
42.25994085466509
42.247477884205736
42.24378833680629
42.23392406067555
42.21419146359212
42.19901727883441
42.15401641834324
42.04595002621845
42.001033373495886
41.88846182900316
41.67361225813295
41.61885179553884
41.466913476514165
41.34065678318555
41.21667873634719
41.092345283537824
41.065881076878604
41.05272442386637
40.99942572821499
40.959268444398035
40.878743861132314
40.862433096863455
40.81205370947682
40.77182927255257
40.74275290513429
40.69287661009347
40.6311750716976
40.57445282896203
40.445077065447606
40.069492076006654
39.98779023862693
39.81686911715678
39.69975187758913
39.65481887086383
39.44830192496795
39.28370188961395
39.01407976917254
38.98684870816621
38.685695645433675
38.4865026253049
38.2935054157782
38.25287788187974
38.08849567175579
37.982983823720716
37.83937992180368
37.61642915961008
37.388053216044014
37.188270565983814
37.0688607505922
36.94897927849078
36.81574544870702
36.77510181782643
36.71999617892733
36.656428981043796
36.54796598198201
36.513646939274544
36.43503425814854
36.34573422603275
36.26623162227872
36.172187964189305
36.09863372982623
36.06531270024699
36.039867965192414
35.99716574005667
35.96719927952489
35.92269050812209
35.88968655491746
35.839191427339856
35.74585220760294
35.728673094061975
35.65403457745762
35.552600465195354
35.47522281602687
35.358264619711754
35.29244071887164
35.158568133175514
35.102217835207206
34.97045257298185
34.78403459586909
34.63422653511954
34.44076213875236
34.28910626194587
34.143686473699674
34.071720308868265
34.02966627763492
33.98638602644365
33.938263950288885
33.9277031548959
33.92035681395538
33.91515237666846
33.91305379865724
33.90962949577163
33.90743769346536
33.904734742209435
33.88889586959766
33.88139396646901
33.87574948506971
33.87276711327298
33.872455096500865
33.872105273248984
33.871877939168975
33.871821466376296
33.87168119953239
33.871387942021016
33.87085761244669
33.86971155950025
33.868726305230915
33.867420436648345
33.86516851637943
33.86355177194184
33.85941798438559
33.85789420855607
33.8571267166375
33.856454742495046
33.85577132466038
33.855112855851026
33.853677710054185
33.85161989883927
33.85036393168183
33.84714779057393
33.846316383769754
33.83743896704202
33.83445785870755
33.83042726583531
33.82691237136835
33.809352676831125
33.759931469547624
33.71109246727139
33.69721847979802
33.6953233760664
33.690198495868096
33.68550510275085
33.67940655044354
33.67790664514055
33.67657585511493
33.67437693117672
33.67186309934708
33.669359913709414
33.661084209305955
33.64060229046741
33.63590331501799
33.614078958335185
33.60979679518708
33.596671727595115
33.576855077212066
33.55989770427669
33.55025639066457
33.54391614048114
33.533257974266874
33.514836216862214
33.50738004657423
33.48831181841449
33.47586436150484
33.46602257759287
33.45916755812581
33.44885426646292
33.44320680588526
33.42592580044826
33.41404328092371
33.3988613463871
33.371578557010196
33.3134333536878
33.25766886601468
33.219359348166876
33.20278870658364
33.17181064605252
33.13832694417938
33.119538800196636
33.10885186399618
33.1008243450256
33.09602940821581
33.074206727426024
33.06988454824574
33.06288394649296
33.04889079375086
33.04563959742375
33.03990493386844
33.037867742995275
33.03272717021123
33.02342390278097
33.00654299193506
32.989084658713885
32.96570010864728
32.96467954195427
32.95007447395968
32.944379636582
32.937733415167855
32.92729109419389
32.90407691338788
32.850126999066504
32.84816002169698
32.828369219514244
32.79562901014399
32.76033929087964
32.67756169379462
32.56865233217332
32.468838940658756
32.35690650690992
32.21862012611286
32.089603428637204
32.04488921864842
32.02280315523616
31.999819209380988
31.880252224098587
31.809438777332133
31.79350960164762
31.726767778140243
31.69807842417431
31.656328593620923
31.547970122158233
31.402793933231507
31.37803149913828
31.34817582693524
31.31187055682019
31.287374029297318
31.250265046795562
31.164388166494632
31.125243852096993
31.074846890511104
31.051325906429426
31.04084561713757
31.024686580695437
31.017341127050905
31.011387108691604
31.006655848160964
31.001203066606745
30.993447926358577
30.982793746228275
30.978888798213564
30.976849912322535
30.97562853814846
30.97361313117043
30.96753098791673
30.95689734598735
30.951359299994078
30.939036215509436
30.935607688528165
30.93443255315421
30.93173886961327
30.927256784372243
30.923128935480026
30.917506747800765
30.911910819884852
30.901775717888214
30.89776852500254
30.893806972788227
30.892224411826735
30.891810711876566
30.89017878863916
30.889680831314845
30.888914064304185
30.887662842903005
30.887446486612365
30.887168156098774
30.887129493203915
30.887013767499063
30.886931449803008
30.886789819328367
30.88667068595506
30.886540700155933
30.886358293542557
30.884643783416145
30.881524478575788
30.880824632513374
30.880538693043015
30.87992157397815
30.87975629813249
30.879519816002272
30.876913213256188
30.87569063507255
30.875204856676383
30.874801362973244
30.872899057218604
30.864329776337602
30.86029619919455
30.857692342301426
30.854413340703488
30.853689086350794
30.852906527362414
30.85254413042864
30.84969843328998
30.845372260826984
30.84252743413616
30.83800616817156
30.831799367151078
30.822437799944225
30.81399109913765
30.80609992445233
30.79710160488837
30.771476383763186
30.753547576815034
30.737222797464867
30.719668555940224
30.71328595399863
30.69802406465019
30.690188040977965
30.681853832316143
30.677249893958894
30.672655204977122
30.665007690499195
30.65818006650409
30.6425864599576
30.627947792015583
30.619346961252894
30.605833016344732
30.588592025741697
30.575187065389496
30.56772727601213
30.556331792649864
30.53838944727663
30.525769279111817
30.518889599643494
30.51087023901253
30.502941784001674
30.496849108865533
30.4930383570762
30.47607786236465
30.47376511104106
30.47069154317297
30.469659723107775
30.466238625285037
30.462646208754467
30.459870791152298
30.45452905085432
30.449858475307884
30.44517824825035
30.442929622948913
30.439446633462858
30.436562957469796
30.434799735573
30.432774874447567
30.431998185800822
30.42902446549354
30.424350186106494
30.418483298648653
30.41543782724325
30.408089900986262
30.400233845686053
30.3972788299129
30.394745010606076
30.394001297957466
30.39317937648275
30.391757033464966
30.387916225190622
30.384275420121828
30.379355656358953
30.375780279639955
30.372347643205043
30.369554648527888
30.36880729240101
30.366066324093033
30.360665081259487
30.359165518395102
30.35580709309766
30.353088596378214
30.35126681320107
30.345290402004164
30.339076711219043
30.338020657815242
30.33696476634713
30.33635329307451
30.335693142846516
30.335077126988253
30.33440530725747
30.33374242093725
30.33172671157699
30.331186450248417
30.330190730673642
30.329317463061845
30.32887049901102
30.328259943552368
30.32764891298223
30.327175935559104
30.326184710327517
30.323834288620077
30.32204728751133
30.32048528483003
30.31931384131211
30.31648933856736
30.31516296428549
30.314192568036702
30.31221563343547
30.31165699747928
30.311344337690407
30.310507628643066
30.309876104525884
30.30967617633801
30.308474484263506
30.308317965250872
30.307926710655263
30.307433839521693
30.307278434853266
30.30706275286695
30.30699507241572
30.3067429813309
30.30666597855059
30.306459219744305
30.306305417488712
30.30617163002676
30.30603427238903
30.305731292887764
30.305364640007184
30.30479608823805
30.3042015142082
30.30153246726784
30.301021820436294
30.300597468794717
30.296836216642504
30.29470144596702
30.292757423679724
30.292206569125497
30.291933448954268
30.29176404103316
30.291509296703012
30.29048325277596
30.28936288914563
30.284087913822475
30.274006698309563
30.262661236028002
30.247588497232627
30.2253391190333
30.22241625903301
30.19968429561576
30.191220270593384
30.185016062604834
30.182296051029013
30.180712962047195
30.178120763507625
30.17632818453791
30.176044820554438
30.169202722518904
30.143434646268872
30.11352132383778
30.078575835075753
30.051605019766765
30.029073988148443
30.01191142705885
29.99196789873629
29.981659172439088
29.973441581510208
29.955391146615316
29.94347370972493
29.931155476736407
29.91866852766958
29.905076251081162
29.892787550858905
29.88136729072569
29.869520717322047
29.862399886440326
29.85551388528758
29.83947933247794
29.830821026524507
29.817670713128656
29.79971287370141
29.782182636298607
29.77855353264001
29.770551693776152
29.766652157352418
29.75858368148821
29.74906675000973
29.739753574218952
29.731955173322557
29.725346343109152
29.71865417081788
29.714184306308418
29.70785944727341
29.701179029041157
29.69604873787957
29.68521274366914
29.67858570640809
29.671455875204693
29.668881622038885
29.667787655722005
29.666900074210886
29.664579115190996
29.6616353939534
29.65426882664066
29.652888063570835
29.645256438032632
29.642878237277447
29.639717688731224
29.636702723457763
29.633787206005977
29.63155370902107
29.629639341860077
29.628137213204813
29.626966480499988
29.623962904366607
29.61839814126962
29.61324993960359
29.609509284895324
29.607572104714492
29.605525878727267
29.60149905634007
29.59518992737797
29.590488000794767
29.586473447637992
29.580344507364728
29.574321842752056
29.570960715866487
29.56850759272294
29.56807059378765
29.565071232121806
29.563795692615695
29.562698925284938
29.56144413802969
29.560760428959618
29.560191200170156
29.559595095872623
29.559167669527746
29.55777395385129
29.556621483207483
29.55326889507505
29.546197637502292
29.543542513441928
29.5367255202793
29.532137314588457
29.518644338886173
29.518448199461638
29.491421194805135
29.490442213225656
29.48926962120624
29.485111233156793
29.483226816636886
29.48270285098359
29.479317532309935
29.473894538442828
29.46655674682252
29.45217146134624
29.418524584155257
29.38437375890537
29.34112953019737
29.318999440979766
29.316636858237658
29.315112093264155
29.312661421955582
29.30936307683348
29.303366249940527
29.297609717587015
29.292973966697865
29.286190173398676
29.28265743685484
29.28202240394158
29.28138427834515
29.280971687748178
29.280604355541264
29.280335861732926
29.279642306116674
29.278841748927363
29.278067322337854
29.277248590855486
29.275725724763767
29.27389958424719
29.271959408797933
29.269762693285003
29.268305954563644
29.266210495458324
29.2651580750599
29.264590964809198
29.264466567970707
29.26421666304143
29.264108844883683
29.263917232693096
29.263520987758007
29.262847661954325
29.261933403725255
29.260882055397378
29.258775230472324
29.257524173114735
29.256126672969955
29.25446004620196
29.254094365770648
29.253445240191777
29.252071401233007
29.250538214050394
29.247942202498592
29.245909129052592
29.24397350545354
29.242095949137656
29.241804627328744
29.241368870911284
29.24045149659205
29.24003386227227
29.239106360454603
29.238869723496634
29.238413810612435
29.23765099853832
29.23640914359183
29.234234752323786
29.231774541539604
29.230493635786143
29.229249073061503
29.228158994376834
29.2260965220813
29.22440820153303
29.222151521100557
29.220016234419596
29.21684924382853
29.216010847943963
29.21408715790339
29.208705573444174
29.202303410594794
29.195805647477872
29.1879291408813
29.184404966976427
29.181058717412952
29.178220339685772
29.17551071528807
29.173772535121834
29.172178201616944
29.171017053385622
29.17060573506199
29.16855844488726
29.165786948198466
29.164035901237384
29.163420339332838
29.163200762920457
29.162942705055368
29.161789868236838
29.16032374423867
29.157922779553704
29.157513572881896
29.156259719338415
29.15585162869131
29.155450096204014
29.154831290521752
29.153878352444316
29.15325393626069
29.152518623421138
29.152085573378752
29.151702714752748
29.150849336424287
29.149077315321428
29.147824376573293
29.146203113803555
29.145342175552507
29.145047221441292
29.14468441558127
29.144313730981793
29.14379482494427
29.143671789455983
29.14312647623
29.142189649650234
29.141955062774368
29.140347758028856
29.139818285379896
29.138917981833835
29.138497150851975
29.13800870280958
29.137894608223878
29.137290102744842
29.137172955883138
29.136682288118575
29.13622458813019
29.13570633777216
29.13478598875997
29.1339921185923
29.1327167852549
29.131401838306974
29.130098165323208
29.127299990938354
29.12492644755563
29.122318519008928
29.121175448855446
29.119639563968036
29.11802580299681
29.11563205491025
29.112138539847983
29.1107569554232
29.1080037183375
29.107252236723703
29.10675431990495
29.1059017570523
29.10485731143831
29.103969570730595
29.103348401726635
29.101886755219567
29.09919927131892
29.09757752609782
29.09659940206892
29.09457994247322
29.094215043720617
29.091736285094818
29.090893580204817
29.08920787076493
29.08629184455506
29.08548779972077
29.08477024377208
29.08441382765266
29.084178444203165
29.083779971252724
29.08300192334241
29.08196092657188
29.081810271302473
29.080995135740427
29.080546975956487
29.080313421505913
29.07998821983395
29.079438235327682
29.07914902940668
29.07857778433373
29.078230963091972
29.07801382371626
29.077737582255942
29.077408326887053
29.077347237519618
29.077224909046215
29.077125366647756
29.076913124629108
29.07681221911285
29.076539493146043
29.076444352826925
29.07637507503842
29.076265319025378
29.075834912522737
29.075512594652672
29.075359693112993
29.075288191109493
29.07527310690505
