2.79039337667344
2.6755501769285757
2.358910128179716
2.060466819476783
1.6719121730883846
1.0726554252602187
0.7571270450411198
0.6771844482214113
0.6029104084886959
0.4984099250967501
0.42867461001264473
0.38985342373942483
0.3483560796315791
0.31780822628869304
0.3080395103132052
0.30515583288075804
0.30253097052187267
0.2922254908858035
0.28489182980557914
0.2759914559693612
0.2737819061592727
0.27240740670065944
0.26967713746696154
0.2626975330761645
0.2522349209090733
0.23949513253197963
0.22664603178767662
0.21027751133996211
0.19686787866513114
0.18004856206122954
0.1721908666240444
0.16530507267443473
0.16268134137743764
0.15886046545276059
0.15560755603383353
0.15315191461015068
0.15101860243660942
0.14936983740386633
0.1477081580667317
0.14621178913903216
0.1449871265172313
0.14373589446603316
0.14186439662214598
0.13992186841581036
0.13798243070398764
0.13631960963993453
0.13502400391792072
0.13437034683472102
0.13391667038008706
0.13361432047353874
0.13315717374978125
0.1323183211432107
0.13110744783626757
0.13013645092272744
0.12958487558962226
0.12913843172798428
0.1284519062517952
0.12746669865875118
0.1263539677587606
0.12561115753053487
0.1250344010406258
0.12442159888080026
0.12363343861680273
0.12271513934831353
0.1220022848958119
0.12144702767929764
0.12108187382825703
0.12076979922085634
0.12046604955237708
0.12012542299799671
0.11966009720577797
0.11878543151171073
0.11708952828643046
0.11650450435970812
0.11536783485640881
0.11501168340157193
0.1142182104388976
0.1135016752197951
0.11331824296175612
0.11286096696324836
0.11247018782950839
0.11193536891041404
0.11124133287848385
0.11063655768975629
0.10971194566846448
0.10898778597903093
0.10861405877998227
0.1082980207499707
0.10774059024951652
0.10702066530128329
0.1067048001653743
0.10657679342454218
0.1065051131752643
0.10637841348384405
0.10619058571734531
0.10592955589501772
0.10563530051225448
0.1052930005511693
0.10478948499347938
0.10417747244387779
0.10370444771905425
0.10346828495287992
0.10332490819702426
0.10310610127375767
0.10276945123472689
0.10224900622626881
0.1013743003975078
0.10024313020043042
0.09909820139689222
0.09835800658829766
0.09801490833785573
0.09767556169063345
0.09692343301233967
0.09619145195526899
0.09577709181072727
0.09549813785452868
0.09520748180905798
0.09485819529322145
0.09465466001033919
0.09451639141133644
0.09444202160800864
0.0942412389816607
0.09391364101926372
0.09354878298608894
0.09294658548242393
0.09237052911517339
0.09196748638302019
0.09175674767579017
0.09157746162059043
0.09125731412298352
0.09080785093982321
0.09035374859600814
0.09000703970614979
0.08973640526769208
0.08943713937200475
0.08914366894240013
0.08894769177532914
0.0887796500040054
0.08852991008880526
0.08816339046058902
0.08775193993470286
0.08742645534122519
0.08718656332767376
0.08691400331557174
0.08660407252047692
0.08637243671894361
0.08621830809314918
0.08607079827383311
0.0858162716683658
0.08539251806659695
0.08489092742055762
0.08448036292345067
0.08428146251790616
0.08416744963608064
0.08397829471638965
0.08377240590905023
0.08358384225554759
0.08326496800004074
0.08277288961798258
0.08204386470964334
0.0813448373195515
0.08087879236906192
0.0805100108508713
0.08028949978181855
0.07990514208856989
0.07959252885263712
0.07929958832903551
0.07893470941595969
0.07822358024642206
0.07755344443991476
0.07714244106365012
0.07698115699392233
0.07690786159747103
0.07672940836705273
0.07662078131355747
0.07650773308784772
0.07643335102076411
0.07636360314066916
0.07630649396703372
0.0762720844890759
0.07622640764618523
0.0761500691206146
0.0760578891472905
0.0759815657629278
0.0759245703993838
0.07586618736429396
0.0757488563138979
0.07562217714552502
0.07555816289378599
0.07550781414738846
0.07546526089666547
0.0753958628572763
0.07532120140776326
0.07526145741082269
0.07520694344393304
0.0751581269588556
0.07510265590981609
0.07505110649633065
0.07501156098617813
0.07498612475930866
0.07496214230665724
0.07491701382343366
0.07482612146010037
0.07474444557569215
0.074674879084374
0.07465599428379496
0.07460226025259496
0.07455884295811077
0.07448750037621936
0.0744312996687324
0.07440174581926255
0.07439033676114117
0.07436684891662546
0.07431075940578614
0.07426913031343396
0.07422563932871493
0.0741875233306587
0.07414876150833469
0.07411764757260436
0.07409596961382277
0.07408284734865621
0.07407053049070844
0.07405708159644932
0.07404570802818916
0.074035435465471
0.07402739224563322
0.07401571234230665
0.0739916926442472
0.07395485114117355
0.07391022103193144
0.07387616634567698
0.07385561585382146
0.07383845193097402
0.07381405089895386
0.07377942627033546
0.07374471524515619
0.07371737748300984
0.07369458401375337
0.07366789611565132
0.07363709847673307
0.07361111725162292
0.07358798588504595
0.0735566790579431
0.07351636691484692
0.07348933892434166
0.07347649760431806
0.07346746254371075
0.07345449784984008
0.07343663002344376
0.07341919775198522
0.07340545877978201
0.07339234933315628
0.07337245069752515
0.07333982691280834
0.07329930542514485
0.07326898082650783
0.07325586805724249
0.07324463144567157
0.07321509135108907
0.07318196647401999
0.07315598554597592
0.07313343203698833
0.07311027240311788
0.0730846847991431
0.07306004151119455
0.07304388409759167
0.0730337066554198
0.07302003611574248
0.07299330747669325
0.0729577172002459
0.07292267481803621
0.07290310494356324
0.07289438442041354
0.07288002961757398
0.0728336210326072
0.07279155762841161
0.07275165907668307
0.0727148086779281
0.07266586519849146
0.0725979599507489
0.07253001137619863
0.07248841428852157
0.07245668614539807
0.07239061040611962
0.07233275346819157
0.07230359629382413
0.07228023598522863
0.0722513884387862
0.07220673779551223
0.07215878506363929
0.07210875888874498
0.07205590414457813
0.07200807914228284
0.0719591708270398
0.07192852260098988
0.07190888395220107
0.07189106180623528
0.07186873329920287
0.07183999452433285
0.0718202685462429
0.07180841948956126
0.0717963377490695
0.0717723680944079
0.07172937539895347
0.07166969213328381
0.07161930436670222
0.07158843802719672
0.07155972218214923
0.07151930899434443
0.07146778417323245
0.07140881681310592
0.07136009724490233
0.0713224481183061
0.0712875109329372
0.07124747479234168
0.0712185182619398
0.0712058291376044
0.07119868632870648
0.07118979020811045
0.07117699268283327
0.07116139479608906
0.07114392636413677
0.07112678304579258
0.07111011591781342
0.07109721564727466
0.07109087435751633
0.07108786958500304
0.07108432607126147
0.07107818920855535
0.07106910561939611
0.07105868782901693
0.07104722869740421
0.07103749448623334
0.07102741387108016
0.07101743702283243
0.07100987155688805
0.07100673494591889
0.0710032972981681
0.07099936616913273
0.07099426816776686
0.07098876092268955
0.07098262857169528
0.07097634327579484
0.07096945645757056
0.07096353781289554
0.07095981127906914
0.07095681892615
0.07095246033500016
0.07094588314794119
0.07093862860265276
0.07093165026442337
0.07092448896664938
0.07091613704171049
0.0709051527868298
0.07089129213175051
0.07087539650346958
0.07085969209985377
0.07084791335391552
0.07084143900158299
0.07083684456630945
0.07083115057485921
0.07082282847320204
0.07081326001271487
0.07080545628178705
0.07079917869776953
0.07079021547076528
0.07077350735350187
0.07074969876240308
0.07072373952259885
0.07069992871137966
0.07068424492566534
0.07066544754224777
0.07064396057771996
0.07062643223266049
0.07061690203027937
0.0706093226433695
0.07059597911272483
0.07057332925907364
0.07054920966942568
0.07053374865833624
0.0705248000424278
0.07051600194197699
0.07050439818744424
0.07049467400562723
0.07048958196851947
0.07048699663828321
0.07048329015525102
0.0704758067527872
0.0704669104587254
0.07046006788255887
0.07045640960945375
0.07045345716439073
0.07044837811533926
0.07044199782162167
0.0704367801035983
0.07043197389926882
0.07042499416781973
0.07041586058336052
0.07040776952465755
0.0704030015423326
0.07040015428507194
0.07039652741881922
0.07039055362788206
0.07038454856304988
0.07038091155733683
0.07037927221678388
0.07037750883779119
0.07037347653835184
0.07036792131679807
0.07036236068412306
0.07035894372118569
0.07035656001164477
0.07035285710080258
0.0703485561213102
0.07034622192498974
0.07034490103392868
0.07034360845225077
0.07034177643720864
0.07033957269742891
0.07033767658592648
0.0703365074418717
0.07033529711676104
0.07033281655042566
0.07032948462674449
0.07032629595080474
0.07032459272458778
0.070323891569653
